FILAMENT 0 1000.00000000 912.50000000 1000.00000000 3160.00000000 912.50000000 1000.00000000
FILAMENT 0 1000.00000000 947.50000000 939.37822174 3160.00000000 947.50000000 939.37822174
FILAMENT 0 1000.00000000 930.00000000 969.68911087 3160.00000000 930.00000000 969.68911087
FILAMENT 0 1000.00000000 947.50000000 1000.00000000 3160.00000000 947.50000000 1000.00000000
FILAMENT 0 1000.00000000 930.00000000 1030.31088913 3160.00000000 930.00000000 1030.31088913
FILAMENT 0 1000.00000000 947.50000000 1060.62177826 3160.00000000 947.50000000 1060.62177826
FILAMENT 0 1000.00000000 965.00000000 909.06733260 3160.00000000 965.00000000 909.06733260
FILAMENT 0 1000.00000000 982.50000000 939.37822174 3160.00000000 982.50000000 939.37822174
FILAMENT 0 1000.00000000 965.00000000 969.68911087 3160.00000000 965.00000000 969.68911087
FILAMENT 0 1000.00000000 982.50000000 1000.00000000 3160.00000000 982.50000000 1000.00000000
FILAMENT 0 1000.00000000 965.00000000 1030.31088913 3160.00000000 965.00000000 1030.31088913
FILAMENT 0 1000.00000000 982.50000000 1060.62177826 3160.00000000 982.50000000 1060.62177826
FILAMENT 0 1000.00000000 965.00000000 1090.93266740 3160.00000000 965.00000000 1090.93266740
FILAMENT 0 1000.00000000 1000.00000000 909.06733260 3160.00000000 1000.00000000 909.06733260
FILAMENT 0 1000.00000000 1017.50000000 939.37822174 3160.00000000 1017.50000000 939.37822174
FILAMENT 0 1000.00000000 1000.00000000 969.68911087 3160.00000000 1000.00000000 969.68911087
FILAMENT 0 1000.00000000 1017.50000000 1000.00000000 3160.00000000 1017.50000000 1000.00000000
FILAMENT 0 1000.00000000 1000.00000000 1030.31088913 3160.00000000 1000.00000000 1030.31088913
FILAMENT 0 1000.00000000 1017.50000000 1060.62177826 3160.00000000 1017.50000000 1060.62177826
FILAMENT 0 1000.00000000 1000.00000000 1090.93266740 3160.00000000 1000.00000000 1090.93266740
FILAMENT 0 1000.00000000 1035.00000000 909.06733260 3160.00000000 1035.00000000 909.06733260
FILAMENT 0 1000.00000000 1052.50000000 939.37822174 3160.00000000 1052.50000000 939.37822174
FILAMENT 0 1000.00000000 1035.00000000 969.68911087 3160.00000000 1035.00000000 969.68911087
FILAMENT 0 1000.00000000 1052.50000000 1000.00000000 3160.00000000 1052.50000000 1000.00000000
FILAMENT 0 1000.00000000 1035.00000000 1030.31088913 3160.00000000 1035.00000000 1030.31088913
FILAMENT 0 1000.00000000 1052.50000000 1060.62177826 3160.00000000 1052.50000000 1060.62177826
FILAMENT 0 1000.00000000 1035.00000000 1090.93266740 3160.00000000 1035.00000000 1090.93266740
FILAMENT 0 1000.00000000 1070.00000000 969.68911087 3160.00000000 1070.00000000 969.68911087
FILAMENT 0 1000.00000000 1087.50000000 1000.00000000 3160.00000000 1087.50000000 1000.00000000
FILAMENT 0 1000.00000000 1070.00000000 1030.31088913 3160.00000000 1070.00000000 1030.31088913
