FILAMENT Actin-Polymer 2750.281296709518 1087.3083372209562 957.8548895157663 3052.300263050652 1059.900573221038 857.861946391535
FILAMENT Actin-Polymer 2750.37847977766 849.3375916311523 1064.2449969813124 3068.715674439233 900.5739823053684 885.269166883628
FILAMENT Actin-Polymer 2749.615831459166 927.0577125569475 933.2729594277805 3012.562795074855 794.2592095175303 887.6089459744408
FILAMENT Actin-Polymer 2750.2758013592725 908.1709465879399 1001.4021274434767 3084.8958998020444 903.6611138390931 974.9880047225947
FILAMENT Actin-Polymer 2750.8462930297005 914.9332819841443 1056.537122097895 2997.114952890531 1106.2684719465226 916.3417451738483
FILAMENT Actin-Polymer 2749.939495247732 885.5233287079952 1087.3999117033559 3065.8942744737515 971.6417624639928 1120.9326916010268
FILAMENT Actin-Polymer 2750.6409131816354 876.5474087019829 1110.1267145203324 3098.7587711960014 920.3339781518761 997.561384407165
FILAMENT Actin-Polymer 2750.756951062149 890.6274996409122 914.365628317693 3115.5608644332833 995.0337471315302 862.7067719433367
FILAMENT Actin-Polymer 2750.121505301642 965.0222943270489 929.9419831751541 3072.1589820698555 1048.9554700576496 905.0511458248985
FILAMENT Actin-Polymer 2750.095228066084 939.6330933869066 1015.9600565594787 3080.1255816581115 1029.9384403942308 980.7126186853816
FILAMENT Actin-Polymer 2749.962687233675 997.4870299628192 1010.4734957805811 3056.8721705544244 947.8193846911793 1085.9914935098523
FILAMENT Actin-Polymer 2750.163925415227 934.5214656806115 1060.7159621814324 3080.7569773403966 982.2840812431693 1054.9632638922417
FILAMENT Actin-Polymer 2750.5672485779223 1035.6994815674238 1060.2364478804768 3060.5141877128217 932.6588382400363 1034.5461199131387
FILAMENT Actin-Polymer 2750.51142676604 900.2707943984108 1132.242512669897 3103.76785128795 883.2009304027399 1033.6398123975164
FILAMENT Actin-Polymer 2748.224020284136 1010.6625567724288 884.0907307743764 3079.4730285179003 1019.7807175823211 893.6684042357127
FILAMENT Actin-Polymer 2750.4010826776985 1001.7340901903481 938.9636173230729 3064.6084423917227 976.88888762762 1000.1344017058657
FILAMENT Actin-Polymer 2749.201203741258 991.8104193134827 967.4108820663016 3083.2233486691744 1027.531198389436 1054.2516374040179
FILAMENT Actin-Polymer 2750.5192992832826 972.6394690348186 1111.6213027895337 3033.8214284914316 1026.7506225475809 928.0901570297726
FILAMENT Actin-Polymer 2751.035579101822 1074.9045072665804 1002.062979215699 3039.831035783199 976.2129139859878 1083.2056424400143
FILAMENT Actin-Polymer 2750.1303427243415 1030.138869186233 1085.3011759234191 3114.1692754874066 1062.537388335341 1097.6787139907624
FILAMENT Actin-Polymer 2750.348776148241 1001.8050093444392 1104.5104180634958 3104.295155824825 936.8069015354796 1047.7893955636453
FILAMENT Actin-Polymer 2750.055365009286 1045.525332501718 943.8993024449471 3079.8791420174853 1078.6177814875455 863.5529401583586
FILAMENT Actin-Polymer 2749.1167448569468 1114.066289336924 886.4316657174265 3055.615867885201 1030.7950084894583 947.8094468772398
FILAMENT Actin-Polymer 2749.64641866646 1079.6228784718517 955.8215246644731 3093.7907340287247 1157.2794115554534 984.4678094745736
FILAMENT Actin-Polymer 2750.2632136012753 1088.2420579158825 1020.6985513540143 3070.156167928987 1108.5196968881241 969.5415194609247
FILAMENT Actin-Polymer 2750.680279358461 1062.3453627297 1063.4490421248186 3020.020666994541 1243.9630642919014 1041.4058236401731
FILAMENT Actin-Polymer 2749.8348881390957 1104.937486663127 1098.5469478568057 3076.524558265851 1147.5652749410583 1079.7045615004104
FILAMENT Actin-Polymer 2750.5188771628973 1106.0346047828918 927.6557815446456 3054.882491668091 1044.9709576354817 930.2314960557353
FILAMENT Actin-Polymer 2750.6062709351345 1077.0766455651749 992.1675916902003 3078.67015657524 1142.5536012490884 883.1374059500558
FILAMENT Actin-Polymer 2750.2138816936776 1113.593469983388 955.8380965497973 3080.990252388168 1112.7274971788045 1075.914875452942